0 151 1111
1 151 1111
2 151 1111
3 151 1111
4 151 1111
5 151 1111
6 151 1111
7 151 1111
8 151 1111
9 151 1111
10 151 1111
11 151 1111
12 151 1111
13 151 1111
14 151 1111
15 151 1111
16 151 1111
17 151 1111
18 151 1111
19 151 1111
20 151 1111
21 151 1111
22 151 1111
23 151 1111
24 151 1111
25 151 1111
26 151 1111
27 151 1111
28 151 1111
29 151 1111
30 151 1111
31 151 1111
32 151 1111
33 151 1111
34 151 1111
35 151 1111
36 151 1111
37 151 1111
38 151 1111
39 151 1111
40 151 1111
41 151 1111
42 151 1111
43 151 1111
44 151 1111
45 151 1111
46 151 1111
47 151 1111
48 151 1111
49 151 1111
50 151 1111
51 151 1111
52 151 1111
53 151 1111
54 151 1111
55 151 1111
56 151 1111
57 151 1111
58 151 1111
59 151 1111
60 151 1111
61 151 1111
62 151 1111
63 151 1111
64 151 1111
65 151 1111
66 151 1111
67 151 1111
68 151 1111
69 151 1111
70 151 1111
71 151 1111
72 151 1111
73 151 1111
74 151 1111
75 151 1111
76 151 1111
77 151 1111
78 151 1111
79 151 1111
80 151 1111
81 151 1111
82 151 1111
83 151 1111
84 151 1111
85 151 1111
86 151 1111
87 151 1111
88 151 1111
89 151 1111
90 151 1111
91 151 1111
92 151 1111
93 151 1111
94 151 1111
95 151 1111
96 151 1111
97 151 1111
98 151 1111
99 151 1111
100 151 1111
101 151 1111
102 151 1111
103 151 1111
104 151 1111
105 151 1111
106 151 1111
107 151 1110
108 151 1110
109 151 1110
110 151 1110
111 151 1109
112 151 1109
113 151 1109
114 151 1107
115 151 1106
116 151 1105
117 151 1105
118 151 1102
119 151 1101
120 151 1097
121 151 1097
122 151 1096
123 151 1096
124 151 1095
125 151 1092
126 151 1089
127 151 1085
128 151 1081
129 151 1074
130 151 1071
131 151 1067
132 151 1060
133 151 1056
134 151 1052
135 151 1043
136 151 1037
137 151 1029
138 151 1018
139 151 1014
140 151 1005
141 151 996
142 151 991
143 151 976
144 151 964
145 151 952
146 151 939
147 151 925
148 151 914
149 151 900
150 151 884
151 151 856
152 151 841
153 151 819
154 151 798
155 151 773
156 151 754
157 151 733
158 151 713
159 151 679
160 151 663
161 151 648
162 151 627
163 151 614
164 151 603
165 151 589
166 151 573
167 151 559
168 151 549
169 151 539
170 151 527
171 151 514
172 151 503
173 151 487
174 151 472
175 151 462
176 151 445
177 151 429
178 151 414
179 151 396
180 151 376
181 151 360
182 151 344
183 151 328
184 151 316
185 151 299
186 151 287
187 151 278
188 151 262
189 151 239
190 151 221
191 151 209
192 151 194
193 151 184
194 151 176
195 151 166
196 151 155
197 151 142
198 151 139
199 151 129
200 151 121
201 150 112
202 150 106
203 150 96
204 149 88
205 148 79
206 146 72
207 145 67
208 145 65
209 143 62
210 142 54
211 142 53
212 141 50
213 140 45
214 138 43
215 133 43
216 133 40
217 128 38
218 125 35
219 122 34
220 121 27
221 116 23
222 111 18
223 109 16
224 102 15
225 99 12
226 97 8
227 90 7
228 84 6
229 76 5
230 73 4
231 67 4
232 62 2
233 57 2
234 50 1
235 44 1
236 41 0
237 39 0
238 37 0
239 33 0
240 29 0
241 27 0
242 23 0
243 22 0
244 19 0
245 16 0
246 12 0
247 9 0
248 7 0
249 6 0
250 4 0
251 1 0
252 1 0
253 1 0
254 1 0
255 0 0
