1.000000 1.000000
1.000000 1.000000
1.000000 1.000000
1.000000 1.000000
1.000000 1.000000
1.000000 1.000000
1.000000 1.000000
1.000000 1.000000
1.000000 1.000000
1.000000 1.000000
1.000000 1.000000
1.000000 1.000000
1.000000 1.000000
1.000000 1.000000
1.000000 1.000000
1.000000 1.000000
1.000000 1.000000
1.000000 1.000000
1.000000 1.000000
1.000000 1.000000
1.000000 1.000000
1.000000 1.000000
1.000000 1.000000
1.000000 1.000000
1.000000 1.000000
1.000000 1.000000
1.000000 1.000000
1.000000 1.000000
1.000000 1.000000
1.000000 1.000000
1.000000 1.000000
1.000000 1.000000
1.000000 1.000000
1.000000 1.000000
1.000000 1.000000
1.000000 1.000000
1.000000 1.000000
1.000000 1.000000
1.000000 1.000000
1.000000 1.000000
1.000000 1.000000
1.000000 1.000000
1.000000 1.000000
1.000000 1.000000
1.000000 1.000000
1.000000 1.000000
1.000000 1.000000
1.000000 1.000000
1.000000 1.000000
1.000000 1.000000
1.000000 1.000000
1.000000 1.000000
1.000000 1.000000
1.000000 1.000000
1.000000 1.000000
1.000000 1.000000
1.000000 1.000000
1.000000 1.000000
1.000000 1.000000
1.000000 1.000000
1.000000 1.000000
1.000000 1.000000
1.000000 1.000000
1.000000 1.000000
1.000000 1.000000
1.000000 1.000000
1.000000 1.000000
1.000000 1.000000
1.000000 1.000000
1.000000 1.000000
1.000000 1.000000
1.000000 1.000000
1.000000 1.000000
1.000000 1.000000
1.000000 1.000000
1.000000 1.000000
1.000000 1.000000
1.000000 1.000000
1.000000 1.000000
1.000000 1.000000
1.000000 1.000000
1.000000 1.000000
1.000000 1.000000
1.000000 1.000000
1.000000 1.000000
1.000000 1.000000
1.000000 1.000000
1.000000 1.000000
1.000000 1.000000
1.000000 1.000000
1.000000 1.000000
1.000000 1.000000
1.000000 1.000000
1.000000 1.000000
1.000000 1.000000
1.000000 1.000000
1.000000 1.000000
1.000000 1.000000
1.000000 1.000000
1.000000 1.000000
1.000000 1.000000
1.000000 1.000000
1.000000 1.000000
1.000000 1.000000
1.000000 1.000000
1.000000 1.000000
1.000000 1.000000
1.000000 0.999100
1.000000 0.999100
1.000000 0.999100
1.000000 0.999100
1.000000 0.998200
1.000000 0.998200
1.000000 0.998200
1.000000 0.996400
1.000000 0.995500
1.000000 0.994599
1.000000 0.994599
1.000000 0.991899
1.000000 0.990999
1.000000 0.987399
1.000000 0.987399
1.000000 0.986499
1.000000 0.986499
1.000000 0.985599
1.000000 0.982898
1.000000 0.980198
1.000000 0.976598
1.000000 0.972997
1.000000 0.966697
1.000000 0.963996
1.000000 0.960396
1.000000 0.954095
1.000000 0.950495
1.000000 0.946895
1.000000 0.938794
1.000000 0.933393
1.000000 0.926193
1.000000 0.916292
1.000000 0.912691
1.000000 0.904590
1.000000 0.896490
1.000000 0.891989
1.000000 0.878488
1.000000 0.867687
1.000000 0.856886
1.000000 0.845185
1.000000 0.832583
1.000000 0.822682
1.000000 0.810081
1.000000 0.795680
1.000000 0.770477
1.000000 0.756976
1.000000 0.737174
1.000000 0.718272
1.000000 0.695770
1.000000 0.678668
1.000000 0.659766
1.000000 0.641764
1.000000 0.611161
1.000000 0.596760
1.000000 0.583258
1.000000 0.564356
1.000000 0.552655
1.000000 0.542754
1.000000 0.530153
1.000000 0.515752
1.000000 0.503150
1.000000 0.494149
1.000000 0.485149
1.000000 0.474347
1.000000 0.462646
1.000000 0.452745
1.000000 0.438344
1.000000 0.424842
1.000000 0.415842
1.000000 0.400540
1.000000 0.386139
1.000000 0.372637
1.000000 0.356436
1.000000 0.338434
1.000000 0.324032
1.000000 0.309631
1.000000 0.295230
1.000000 0.284428
1.000000 0.269127
1.000000 0.258326
1.000000 0.250225
1.000000 0.235824
1.000000 0.215122
1.000000 0.198920
1.000000 0.188119
1.000000 0.174617
1.000000 0.165617
1.000000 0.158416
1.000000 0.149415
1.000000 0.139514
1.000000 0.127813
1.000000 0.125113
1.000000 0.116112
1.000000 0.108911
0.993378 0.100810
0.993378 0.095410
0.993378 0.086409
0.986755 0.079208
0.980132 0.071107
0.966887 0.064806
0.960265 0.060306
0.960265 0.058506
0.947020 0.055806
0.940397 0.048605
0.940397 0.047705
0.933775 0.045005
0.927152 0.040504
0.913907 0.038704
0.880795 0.038704
0.880795 0.036004
0.847682 0.034203
0.827815 0.031503
0.807947 0.030603
0.801324 0.024302
0.768212 0.020702
0.735099 0.016202
0.721854 0.014401
0.675497 0.013501
0.655629 0.010801
0.642384 0.007201
0.596026 0.006301
0.556291 0.005401
0.503311 0.004500
0.483444 0.003600
0.443709 0.003600
0.410596 0.001800
0.377483 0.001800
0.331126 0.000900
0.291391 0.000900
0.271523 0.000000
0.258278 0.000000
0.245033 0.000000
0.218543 0.000000
0.192053 0.000000
0.178808 0.000000
0.152318 0.000000
0.145695 0.000000
0.125828 0.000000
0.105960 0.000000
0.079470 0.000000
0.059603 0.000000
0.046358 0.000000
0.039735 0.000000
0.026490 0.000000
0.006623 0.000000
0.006623 0.000000
0.006623 0.000000
0.006623 0.000000
0.000000 0.000000
