0.164716
0.164716
0.164716
0.164716
0.164716
0.164716
0.164716
0.164716
0.164716
0.164716
0.164716
0.164716
0.164716
0.164716
0.164716
0.164716
0.164716
0.164716
0.164716
0.164716
0.164716
0.164716
0.164716
0.164716
0.164716
0.164716
0.164716
0.164716
0.164716
0.164716
0.164716
0.164716
0.164716
0.164716
0.164716
0.164716
0.164716
0.164716
0.164716
0.164716
0.164716
0.164716
0.164716
0.164716
0.164716
0.164716
0.164716
0.164716
0.164716
0.164716
0.164716
0.164716
0.164716
0.164716
0.164716
0.164716
0.164716
0.164716
0.164716
0.164716
0.164716
0.164716
0.164716
0.164716
0.164716
0.164716
0.164716
0.164716
0.164716
0.164716
0.164716
0.164716
0.164716
0.164716
0.164716
0.164716
0.164716
0.164716
0.164716
0.164716
0.164716
0.164716
0.164716
0.164716
0.164716
0.164716
0.164716
0.164716
0.164716
0.164716
0.164716
0.164716
0.164716
0.164716
0.164716
0.164716
0.164716
0.164716
0.164716
0.164716
0.164716
0.164716
0.164716
0.164716
0.164716
0.164716
0.164716
0.164716
0.164716
0.164716
0.164716
0.164716
0.164716
0.164716
0.164716
0.164716
0.164716
0.164716
0.164716
0.164716
0.164716
0.164716
0.164716
0.164716
0.164716
0.164716
0.164716
0.164716
0.164716
0.164716
0.164716
0.164716
0.164716
0.164716
0.164716
0.164716
0.164716
0.164716
0.164716
0.164716
0.164716
0.164716
0.164716
0.164716
0.164716
0.164716
0.164716
0.164716
0.164716
0.164716
0.164716
0.164716
0.164716
0.164716
0.164716
0.164716
0.164716
0.164716
0.164716
0.164716
0.164716
0.164716
0.164716
0.164716
0.164716
0.164716
0.164716
0.163816
0.163816
0.163816
0.162916
0.161116
0.161116
0.158416
0.156616
0.153915
0.148515
0.144014
0.141314
0.137714
0.133213
0.125113
0.119712
0.115212
0.108011
0.099010
0.095410
0.092709
0.082808
0.072007
0.065707
0.062106
0.054905
0.048605
0.045905
0.042304
0.036004
0.030603
0.030603
0.027003
0.022502
0.019802
0.018002
0.011701
0.009901
0.008101
0.007201
0.006301
0.006301
0.004500
0.001800
0.001800
0.000000
0.000000
0.000000
0.000000
0.000000
0.000000
0.000000
0.000000
0.000000
0.000000
0.000000
0.000000
0.000000
0.000000
0.000000
0.000000
0.000000
0.000000
0.000000
0.000000
0.000000
0.000000
0.000000
0.000000
0.000000
0.000000
0.000000
0.000000
0.000000
0.000000
0.000000
0.000000
0.000000
0.000000
0.000000
0.000000
0.000000
0.000000
0.000000
0.000000
0.000000
0.000000
0.000000
0.000000
