0 144 183
1 144 183
2 144 183
3 144 183
4 144 183
5 144 183
6 144 183
7 144 183
8 144 183
9 144 183
10 144 183
11 144 183
12 144 183
13 144 183
14 144 183
15 144 183
16 144 183
17 144 183
18 144 183
19 144 183
20 144 183
21 144 183
22 144 183
23 144 183
24 144 183
25 144 183
26 144 183
27 144 183
28 144 183
29 144 183
30 144 183
31 144 183
32 144 183
33 144 183
34 144 183
35 144 183
36 144 183
37 144 183
38 144 183
39 144 183
40 144 183
41 144 183
42 144 183
43 144 183
44 144 183
45 144 183
46 144 183
47 144 183
48 144 183
49 144 183
50 144 183
51 144 183
52 144 183
53 144 183
54 144 183
55 144 183
56 144 183
57 144 183
58 144 183
59 144 183
60 144 183
61 144 183
62 144 183
63 144 183
64 144 183
65 144 183
66 144 183
67 144 183
68 144 183
69 144 183
70 144 183
71 144 183
72 144 183
73 144 183
74 144 183
75 144 183
76 144 183
77 144 183
78 144 183
79 144 183
80 144 183
81 144 183
82 144 183
83 144 183
84 144 183
85 144 183
86 144 183
87 144 183
88 144 183
89 144 183
90 144 183
91 144 183
92 144 183
93 144 183
94 144 183
95 144 183
96 144 183
97 144 183
98 144 183
99 144 183
100 144 183
101 144 183
102 144 183
103 144 183
104 144 183
105 144 183
106 144 183
107 144 183
108 144 183
109 144 183
110 144 183
111 144 183
112 144 183
113 144 183
114 144 183
115 144 183
116 144 183
117 144 183
118 144 183
119 144 183
120 144 183
121 144 183
122 144 183
123 144 183
124 144 183
125 144 183
126 144 183
127 144 183
128 144 183
129 144 183
130 144 183
131 144 183
132 144 183
133 144 183
134 144 183
135 144 183
136 144 183
137 144 183
138 144 183
139 144 183
140 144 183
141 144 183
142 144 183
143 144 183
144 144 183
145 144 183
146 144 183
147 144 183
148 144 183
149 144 183
150 144 183
151 144 183
152 144 183
153 144 183
154 144 183
155 144 183
156 144 183
157 144 183
158 144 183
159 144 183
160 144 183
161 144 183
162 144 183
163 144 183
164 144 183
165 144 183
166 144 183
167 144 182
168 144 182
169 144 182
170 144 181
171 144 179
172 144 179
173 144 176
174 144 174
175 144 171
176 144 165
177 144 160
178 144 157
179 144 153
180 144 148
181 144 139
182 144 133
183 144 128
184 144 120
185 144 110
186 144 106
187 144 103
188 144 92
189 144 80
190 144 73
191 144 69
192 144 61
193 144 54
194 144 51
195 144 47
196 144 40
197 144 34
198 144 34
199 144 30
200 144 25
201 143 22
202 143 20
203 143 13
204 142 11
205 141 9
206 140 8
207 139 7
208 139 7
209 137 5
210 136 2
211 136 2
212 135 0
213 134 0
214 132 0
215 127 0
216 127 0
217 122 0
218 119 0
219 116 0
220 115 0
221 110 0
222 105 0
223 103 0
224 96 0
225 93 0
226 91 0
227 85 0
228 80 0
229 72 0
230 70 0
231 64 0
232 59 0
233 54 0
234 48 0
235 43 0
236 40 0
237 38 0
238 36 0
239 32 0
240 28 0
241 26 0
242 22 0
243 21 0
244 18 0
245 15 0
246 11 0
247 9 0
248 7 0
249 6 0
250 4 0
251 1 0
252 1 0
253 1 0
254 1 0
255 0 0
