0.953642
0.953642
0.953642
0.953642
0.953642
0.953642
0.953642
0.953642
0.953642
0.953642
0.953642
0.953642
0.953642
0.953642
0.953642
0.953642
0.953642
0.953642
0.953642
0.953642
0.953642
0.953642
0.953642
0.953642
0.953642
0.953642
0.953642
0.953642
0.953642
0.953642
0.953642
0.953642
0.953642
0.953642
0.953642
0.953642
0.953642
0.953642
0.953642
0.953642
0.953642
0.953642
0.953642
0.953642
0.953642
0.953642
0.953642
0.953642
0.953642
0.953642
0.953642
0.953642
0.953642
0.953642
0.953642
0.953642
0.953642
0.953642
0.953642
0.953642
0.953642
0.953642
0.953642
0.953642
0.953642
0.953642
0.953642
0.953642
0.953642
0.953642
0.953642
0.953642
0.953642
0.953642
0.953642
0.953642
0.953642
0.953642
0.953642
0.953642
0.953642
0.953642
0.953642
0.953642
0.953642
0.953642
0.953642
0.953642
0.953642
0.953642
0.953642
0.953642
0.953642
0.953642
0.953642
0.953642
0.953642
0.953642
0.953642
0.953642
0.953642
0.953642
0.953642
0.953642
0.953642
0.953642
0.953642
0.953642
0.953642
0.953642
0.953642
0.953642
0.953642
0.953642
0.953642
0.953642
0.953642
0.953642
0.953642
0.953642
0.953642
0.953642
0.953642
0.953642
0.953642
0.953642
0.953642
0.953642
0.953642
0.953642
0.953642
0.953642
0.953642
0.953642
0.953642
0.953642
0.953642
0.953642
0.953642
0.953642
0.953642
0.953642
0.953642
0.953642
0.953642
0.953642
0.953642
0.953642
0.953642
0.953642
0.953642
0.953642
0.953642
0.953642
0.953642
0.953642
0.953642
0.953642
0.953642
0.953642
0.953642
0.953642
0.953642
0.953642
0.953642
0.953642
0.953642
0.953642
0.953642
0.953642
0.953642
0.953642
0.953642
0.953642
0.953642
0.953642
0.953642
0.953642
0.953642
0.953642
0.953642
0.953642
0.953642
0.953642
0.953642
0.953642
0.953642
0.953642
0.953642
0.953642
0.953642
0.953642
0.953642
0.953642
0.953642
0.953642
0.953642
0.953642
0.953642
0.953642
0.953642
0.947020
0.947020
0.947020
0.940397
0.933775
0.927152
0.920530
0.920530
0.907285
0.900662
0.900662
0.894040
0.887417
0.874172
0.841060
0.841060
0.807947
0.788079
0.768212
0.761589
0.728477
0.695364
0.682119
0.635762
0.615894
0.602649
0.562914
0.529801
0.476821
0.463576
0.423841
0.390728
0.357616
0.317881
0.284768
0.264901
0.251656
0.238411
0.211921
0.185430
0.172185
0.145695
0.139073
0.119205
0.099338
0.072848
0.059603
0.046358
0.039735
0.026490
0.006623
0.006623
0.006623
0.006623
0.000000
