0.953642 0.164716
0.953642 0.164716
0.953642 0.164716
0.953642 0.164716
0.953642 0.164716
0.953642 0.164716
0.953642 0.164716
0.953642 0.164716
0.953642 0.164716
0.953642 0.164716
0.953642 0.164716
0.953642 0.164716
0.953642 0.164716
0.953642 0.164716
0.953642 0.164716
0.953642 0.164716
0.953642 0.164716
0.953642 0.164716
0.953642 0.164716
0.953642 0.164716
0.953642 0.164716
0.953642 0.164716
0.953642 0.164716
0.953642 0.164716
0.953642 0.164716
0.953642 0.164716
0.953642 0.164716
0.953642 0.164716
0.953642 0.164716
0.953642 0.164716
0.953642 0.164716
0.953642 0.164716
0.953642 0.164716
0.953642 0.164716
0.953642 0.164716
0.953642 0.164716
0.953642 0.164716
0.953642 0.164716
0.953642 0.164716
0.953642 0.164716
0.953642 0.164716
0.953642 0.164716
0.953642 0.164716
0.953642 0.164716
0.953642 0.164716
0.953642 0.164716
0.953642 0.164716
0.953642 0.164716
0.953642 0.164716
0.953642 0.164716
0.953642 0.164716
0.953642 0.164716
0.953642 0.164716
0.953642 0.164716
0.953642 0.164716
0.953642 0.164716
0.953642 0.164716
0.953642 0.164716
0.953642 0.164716
0.953642 0.164716
0.953642 0.164716
0.953642 0.164716
0.953642 0.164716
0.953642 0.164716
0.953642 0.164716
0.953642 0.164716
0.953642 0.164716
0.953642 0.164716
0.953642 0.164716
0.953642 0.164716
0.953642 0.164716
0.953642 0.164716
0.953642 0.164716
0.953642 0.164716
0.953642 0.164716
0.953642 0.164716
0.953642 0.164716
0.953642 0.164716
0.953642 0.164716
0.953642 0.164716
0.953642 0.164716
0.953642 0.164716
0.953642 0.164716
0.953642 0.164716
0.953642 0.164716
0.953642 0.164716
0.953642 0.164716
0.953642 0.164716
0.953642 0.164716
0.953642 0.164716
0.953642 0.164716
0.953642 0.164716
0.953642 0.164716
0.953642 0.164716
0.953642 0.164716
0.953642 0.164716
0.953642 0.164716
0.953642 0.164716
0.953642 0.164716
0.953642 0.164716
0.953642 0.164716
0.953642 0.164716
0.953642 0.164716
0.953642 0.164716
0.953642 0.164716
0.953642 0.164716
0.953642 0.164716
0.953642 0.164716
0.953642 0.164716
0.953642 0.164716
0.953642 0.164716
0.953642 0.164716
0.953642 0.164716
0.953642 0.164716
0.953642 0.164716
0.953642 0.164716
0.953642 0.164716
0.953642 0.164716
0.953642 0.164716
0.953642 0.164716
0.953642 0.164716
0.953642 0.164716
0.953642 0.164716
0.953642 0.164716
0.953642 0.164716
0.953642 0.164716
0.953642 0.164716
0.953642 0.164716
0.953642 0.164716
0.953642 0.164716
0.953642 0.164716
0.953642 0.164716
0.953642 0.164716
0.953642 0.164716
0.953642 0.164716
0.953642 0.164716
0.953642 0.164716
0.953642 0.164716
0.953642 0.164716
0.953642 0.164716
0.953642 0.164716
0.953642 0.164716
0.953642 0.164716
0.953642 0.164716
0.953642 0.164716
0.953642 0.164716
0.953642 0.164716
0.953642 0.164716
0.953642 0.164716
0.953642 0.164716
0.953642 0.164716
0.953642 0.164716
0.953642 0.164716
0.953642 0.164716
0.953642 0.164716
0.953642 0.164716
0.953642 0.164716
0.953642 0.164716
0.953642 0.164716
0.953642 0.164716
0.953642 0.164716
0.953642 0.164716
0.953642 0.164716
0.953642 0.164716
0.953642 0.164716
0.953642 0.164716
0.953642 0.164716
0.953642 0.163816
0.953642 0.163816
0.953642 0.163816
0.953642 0.162916
0.953642 0.161116
0.953642 0.161116
0.953642 0.158416
0.953642 0.156616
0.953642 0.153915
0.953642 0.148515
0.953642 0.144014
0.953642 0.141314
0.953642 0.137714
0.953642 0.133213
0.953642 0.125113
0.953642 0.119712
0.953642 0.115212
0.953642 0.108011
0.953642 0.099010
0.953642 0.095410
0.953642 0.092709
0.953642 0.082808
0.953642 0.072007
0.953642 0.065707
0.953642 0.062106
0.953642 0.054905
0.953642 0.048605
0.953642 0.045905
0.953642 0.042304
0.953642 0.036004
0.953642 0.030603
0.953642 0.030603
0.953642 0.027003
0.953642 0.022502
0.947020 0.019802
0.947020 0.018002
0.947020 0.011701
0.940397 0.009901
0.933775 0.008101
0.927152 0.007201
0.920530 0.006301
0.920530 0.006301
0.907285 0.004500
0.900662 0.001800
0.900662 0.001800
0.894040 0.000000
0.887417 0.000000
0.874172 0.000000
0.841060 0.000000
0.841060 0.000000
0.807947 0.000000
0.788079 0.000000
0.768212 0.000000
0.761589 0.000000
0.728477 0.000000
0.695364 0.000000
0.682119 0.000000
0.635762 0.000000
0.615894 0.000000
0.602649 0.000000
0.562914 0.000000
0.529801 0.000000
0.476821 0.000000
0.463576 0.000000
0.423841 0.000000
0.390728 0.000000
0.357616 0.000000
0.317881 0.000000
0.284768 0.000000
0.264901 0.000000
0.251656 0.000000
0.238411 0.000000
0.211921 0.000000
0.185430 0.000000
0.172185 0.000000
0.145695 0.000000
0.139073 0.000000
0.119205 0.000000
0.099338 0.000000
0.072848 0.000000
0.059603 0.000000
0.046358 0.000000
0.039735 0.000000
0.026490 0.000000
0.006623 0.000000
0.006623 0.000000
0.006623 0.000000
0.006623 0.000000
0.000000 0.000000
